   0.0 1.0000E+00 1.0000E+00 1.0000E+00   75.235  71.829  78.812    1.050
   1.0 9.9064E-01 9.8961E-01 9.9173E-01   74.944  71.582  78.467    1.048
   2.0 9.8992E-01 9.8884E-01 9.9106E-01   73.999  70.638  77.520    1.048
   3.0 9.8944E-01 9.8830E-01 9.9064E-01   73.034  69.675  76.553    1.048
   4.0 9.8908E-01 9.8789E-01 9.9033E-01   72.061  68.705  75.577    1.047
   5.0 9.8878E-01 9.8754E-01 9.9008E-01   71.083  67.728  74.596    1.047
   6.0 9.8851E-01 9.8723E-01 9.8984E-01   70.102  66.749  73.614    1.047
   7.0 9.8826E-01 9.8696E-01 9.8963E-01   69.119  65.768  72.629    1.047
   8.0 9.8804E-01 9.8670E-01 9.8944E-01   68.135  64.785  71.643    1.047
   9.0 9.8784E-01 9.8647E-01 9.8928E-01   67.148  63.800  70.655    1.047
  10.0 9.8766E-01 9.8628E-01 9.8912E-01   66.160  62.812  69.666    1.047
  11.0 9.8750E-01 9.8611E-01 9.8897E-01   65.171  61.823  68.676    1.047
  12.0 9.8735E-01 9.8594E-01 9.8882E-01   64.181  60.833  67.687    1.047
  13.0 9.8713E-01 9.8570E-01 9.8864E-01   63.195  59.848  66.699    1.047
  14.0 9.8682E-01 9.8528E-01 9.8843E-01   62.215  58.873  65.713    1.047
  15.0 9.8636E-01 9.8465E-01 9.8815E-01   61.244  57.911  64.731    1.046
  16.0 9.8574E-01 9.8377E-01 9.8780E-01   60.282  56.962  63.754    1.046
  17.0 9.8498E-01 9.8267E-01 9.8740E-01   59.328  56.025  62.780    1.045
  18.0 9.8410E-01 9.8140E-01 9.8694E-01   58.381  55.097  61.809    1.044
  19.0 9.8315E-01 9.8000E-01 9.8646E-01   57.436  54.175  60.839    1.043
  20.0 9.8217E-01 9.7855E-01 9.8597E-01   56.493  53.254  59.869    1.042
  21.0 9.8114E-01 9.7703E-01 9.8545E-01   55.552  52.336  58.900    1.041
  22.0 9.8008E-01 9.7546E-01 9.8492E-01   54.612  51.420  57.931    1.040
  23.0 9.7897E-01 9.7383E-01 9.8437E-01   53.673  50.505  56.963    1.039
  24.0 9.7785E-01 9.7218E-01 9.8381E-01   52.734  49.590  55.996    1.038
  25.0 9.7671E-01 9.7050E-01 9.8324E-01   51.795  48.675  55.028    1.036
  26.0 9.7556E-01 9.6881E-01 9.8266E-01   50.855  47.759  54.060    1.035
  27.0 9.7440E-01 9.6710E-01 9.8207E-01   49.915  46.843  53.092    1.034
  28.0 9.7321E-01 9.6536E-01 9.8146E-01   48.976  45.926  52.125    1.033
  29.0 9.7197E-01 9.6356E-01 9.8081E-01   48.037  45.011  51.159    1.032
  30.0 9.7067E-01 9.6167E-01 9.8013E-01   47.101  44.099  50.194    1.030
  31.0 9.6930E-01 9.5970E-01 9.7939E-01   46.167  43.188  49.232    1.029
  32.0 9.6786E-01 9.5763E-01 9.7861E-01   45.235  42.280  48.271    1.027
  33.0 9.6636E-01 9.5549E-01 9.7778E-01   44.304  41.374  47.311    1.026
  34.0 9.6479E-01 9.5325E-01 9.7690E-01   43.376  40.470  46.353    1.025
  35.0 9.6314E-01 9.5092E-01 9.7597E-01   42.449  39.568  45.397    1.023
  36.0 9.6140E-01 9.4847E-01 9.7498E-01   41.525  38.669  44.442    1.021
  37.0 9.5958E-01 9.4591E-01 9.7394E-01   40.603  37.772  43.489    1.020
  38.0 9.5767E-01 9.4324E-01 9.7282E-01   39.683  36.877  42.539    1.018
  39.0 9.5567E-01 9.4048E-01 9.7162E-01   38.765  35.984  41.591    1.016
  40.0 9.5358E-01 9.3762E-01 9.7034E-01   37.849  35.093  40.645    1.015
  41.0 9.5140E-01 9.3467E-01 9.6896E-01   36.934  34.202  39.702    1.013
  42.0 9.4910E-01 9.3160E-01 9.6748E-01   36.022  33.313  38.762    1.011
  43.0 9.4668E-01 9.2840E-01 9.6587E-01   35.113  32.426  37.826    1.009
  44.0 9.4409E-01 9.2501E-01 9.6413E-01   34.208  31.543  36.893    1.007
  45.0 9.4132E-01 9.2140E-01 9.6223E-01   33.308  30.664  35.965    1.005
  46.0 9.3831E-01 9.1752E-01 9.6013E-01   32.413  29.792  35.043    1.003
  47.0 9.3502E-01 9.1333E-01 9.5780E-01   31.525  28.926  34.127    1.001
  48.0 9.3145E-01 9.0880E-01 9.5524E-01   30.644  28.068  33.217     .999
  49.0 9.2758E-01 9.0392E-01 9.5242E-01   29.770  27.217  32.314     .997
  50.0 9.2339E-01 8.9868E-01 9.4933E-01   28.902  26.373  31.417     .994
  51.0 9.1884E-01 8.9301E-01 9.4595E-01   28.043  25.537  30.527     .991
  52.0 9.1387E-01 8.8686E-01 9.4223E-01   27.193  24.710  29.646     .988
  53.0 9.0844E-01 8.8017E-01 9.3814E-01   26.352  23.894  28.773     .985
  54.0 9.0253E-01 8.7288E-01 9.3367E-01   25.521  23.090  27.908     .982
  55.0 8.9610E-01 8.6494E-01 9.2882E-01   24.701  22.297  27.052     .978
  56.0 8.8913E-01 8.5634E-01 9.2356E-01   23.891  21.516  26.203     .974
  57.0 8.8157E-01 8.4701E-01 9.1785E-01   23.091  20.747  25.363     .969
  58.0 8.7334E-01 8.3687E-01 9.1164E-01   22.304  19.992  24.532     .964
  59.0 8.6437E-01 8.2583E-01 9.0485E-01   21.530  19.253  23.712     .958
  60.0 8.5460E-01 8.1381E-01 8.9744E-01   20.770  18.530  22.904     .952
  61.0 8.4405E-01 8.0086E-01 8.8940E-01   20.024  17.821  22.106     .945
  62.0 8.3274E-01 7.8701E-01 8.8076E-01   19.289  17.126  21.318     .938
  63.0 8.2064E-01 7.7224E-01 8.7147E-01   18.566  16.444  20.540     .930
  64.0 8.0770E-01 7.5649E-01 8.6148E-01   17.855  15.776  19.772     .922
  65.0 7.9390E-01 7.3974E-01 8.5076E-01   17.157  15.121  19.015     .913
  66.0 7.7922E-01 7.2201E-01 8.3930E-01   16.470  14.480  18.268     .903
  67.0 7.6370E-01 7.0334E-01 8.2708E-01   15.795  13.851  17.530     .893
  68.0 7.4729E-01 6.8369E-01 8.1406E-01   15.131  13.235  16.803     .882
  69.0 7.2989E-01 6.6298E-01 8.0014E-01   14.479  12.633  16.086     .870
  70.0 7.1140E-01 6.4109E-01 7.8522E-01   13.843  12.047  15.382     .857
  71.0 6.9173E-01 6.1797E-01 7.6919E-01   13.222  11.479  14.692     .844
  72.0 6.7085E-01 5.9359E-01 7.5197E-01   12.618  10.929  14.017     .829
  73.0 6.4873E-01 5.6801E-01 7.3349E-01   12.031  10.399  13.357     .813
  74.0 6.2547E-01 5.4137E-01 7.1377E-01   11.459   9.886  12.712     .796
  75.0 6.0118E-01 5.1387E-01 6.9286E-01   10.902   9.388  12.081     .779
  76.0 5.7598E-01 4.8565E-01 6.7082E-01   10.357   8.904  11.461     .760
  77.0 5.4988E-01 4.5679E-01 6.4764E-01    9.825   8.435  10.854     .741
  78.0 5.2292E-01 4.2742E-01 6.2321E-01    9.305   7.981  10.259     .720
  79.0 4.9505E-01 3.9763E-01 5.9734E-01    8.801   7.541   9.682     .699
  80.0 4.6622E-01 3.6750E-01 5.6987E-01    8.314   7.118   9.124     .677
  81.0 4.3643E-01 3.3706E-01 5.4077E-01    7.847   6.715   8.588     .654
  82.0 4.0583E-01 3.0647E-01 5.1017E-01    7.401   6.336   8.073     .631
  83.0 3.7468E-01 2.7609E-01 4.7821E-01    6.975   5.978   7.579     .606
  84.0 3.4339E-01 2.4650E-01 4.4512E-01    6.565   5.636   7.105     .581
  85.0 3.1230E-01 2.1816E-01 4.1115E-01    6.168   5.304   6.650     .557
  86.0 2.8153E-01 1.9116E-01 3.7643E-01    5.788   4.983   6.217     .533
  87.0 2.5117E-01 1.6550E-01 3.4113E-01    5.428   4.679   5.809     .509
  88.0 2.2156E-01 1.4140E-01 3.0573E-01    5.086   4.392   5.424     .486
  89.0 1.9307E-01 1.1910E-01 2.7074E-01    4.764   4.122   5.060     .462
  90.0 1.6604E-01 9.8784E-02 2.3666E-01    4.459   3.869   4.717     .438
  91.0 1.4063E-01 8.0549E-02 2.0372E-01    4.175   3.634   4.399     .415
  92.0 1.1706E-01 6.4441E-02 1.7231E-01    3.916   3.420   4.111     .393
  93.0 9.5685E-02 5.0524E-02 1.4310E-01    3.682   3.228   3.850     .371
  94.0 7.6820E-02 3.8824E-02 1.1672E-01    3.466   3.055   3.609     .349
  95.0 6.0582E-02 2.9266E-02 9.3463E-02    3.264   2.895   3.385     .329
  96.0 4.6893E-02 2.1656E-02 7.3392E-02    3.075   2.744   3.178     .310
  97.0 3.5553E-02 1.5693E-02 5.6407E-02    2.902   2.605   2.989     .292
  98.0 2.6410E-02 1.1151E-02 4.2432E-02    2.740   2.472   2.815     .276
  99.0 1.9215E-02 7.7620E-03 3.1241E-02    2.587   2.343   2.651     .261
 100.0 1.3686E-02 5.2851E-03 2.2507E-02    2.439   2.220   2.494     .247
 101.0 9.5253E-03 3.5144E-03 1.5837E-02    2.297   2.100   2.343     .233
 102.0 6.4653E-03 2.2780E-03 1.0862E-02    2.160   1.986   2.199     .220
 103.0 4.2700E-03 1.4365E-03 7.2452E-03    2.029   1.875   2.061     .208
 104.0 2.7372E-03 8.7932E-04 4.6879E-03    1.902   1.769   1.928     .197
 105.0 1.6982E-03 5.2121E-04 2.9340E-03    1.780   1.666   1.802     .187
 106.0 1.0164E-03 2.9833E-04 1.7705E-03    1.663   1.567   1.680     .177
 107.0 5.8477E-04 1.6438E-04 1.0262E-03    1.551   1.472   1.564     .168
 108.0 3.2202E-04 8.6882E-05 5.6892E-04    1.443   1.380   1.453     .160
 109.0 1.6891E-04 4.3873E-05 3.0020E-04    1.339   1.292   1.346     .153
 110.0 8.3912E-05 2.1069E-05 1.4990E-04    1.240   1.207   1.245     .148
 111.0 3.9216E-05 9.5701E-06 7.0343E-05    1.144   1.125   1.147     .143
 112.0 1.7103E-05 4.0859E-06 3.0771E-05    1.054   1.045   1.055     .139
 113.0 6.8928E-06 1.6274E-06 1.2422E-05     .969    .968    .969     .138
 114.0 2.5380E-06 5.9920E-07 4.5737E-06     .894    .894    .894     .138
 115.0 8.5432E-07 2.0170E-07 1.5396E-06     .822    .822    .822     .138
 116.0 2.5924E-07 6.1205E-08 4.6717E-07     .753    .753    .753     .138
 117.0 6.9636E-08 1.6441E-08 1.2549E-07     .685    .685    .685     .138
 118.0 1.6159E-08 3.8150E-09 2.9120E-08     .619    .619    .619     .138
 119.0 3.1292E-09 7.3878E-10 5.6391E-09     .554    .554    .554     .138
 120.0 4.7981E-10 1.1328E-10 8.6466E-10     .491    .491    .491     .138
